# Created by Octave 5.1.0, Wed Oct 05 14:42:13 2022 GMT <unknown@lmsii-07>
# name: T
# type: range
# base, limit, increment
0 10 0.10000000000000001


# name: T1
# type: matrix
# rows: 9
# columns: 1
 0
 1
 2
 3
 4
 5
 6
 7
 8


# name: Y
# type: matrix
# rows: 1
# columns: 101
 1 0.98768834059513777 0.95105651629515353 0.8910065241883679 0.80901699437494745 0.70710678118654757 0.58778525229247314 0.4539904997395468 0.30901699437494745 0.15643446504023092 6.1230317691118863e-17 -0.15643446504023081 -0.30901699437494734 -0.45399049973954669 -0.58778525229247303 -0.70710678118654746 -0.80901699437494734 -0.89100652418836779 -0.95105651629515353 -0.98768834059513766 -1 -0.98768834059513777 -0.95105651629515364 -0.8910065241883679 -0.80901699437494756 -0.70710678118654768 -0.58778525229247325 -0.45399049973954692 -0.30901699437494756 -0.15643446504023104 -1.8369095307335659e-16 0.15643446504023067 0.30901699437494723 0.45399049973954664 0.58778525229247292 0.70710678118654735 0.80901699437494734 0.89100652418836779 0.95105651629515353 0.98768834059513766 1 0.98768834059513777 0.95105651629515364 0.89100652418836801 0.80901699437494756 0.70710678118654768 0.58778525229247336 0.45399049973954703 0.30901699437494773 0.15643446504023117 3.0615158845559431e-16 -0.15643446504022968 -0.30901699437494712 -0.4539904997395473 -0.58778525229247292 -0.70710678118654668 -0.80901699437494723 -0.89100652418836812 -0.95105651629515342 -0.98768834059513755 -1 -0.98768834059513766 -0.95105651629515364 -0.89100652418836845 -0.80901699437494767 -0.70710678118654713 -0.58778525229247347 -0.45399049973954797 -0.30901699437494784 -0.1564344650402304 -4.2861222383783204e-16 0.15643446504022956 0.30901699437494701 0.45399049973954719 0.5877852522924728 0.70710678118654657 0.80901699437494712 0.89100652418836801 0.95105651629515342 0.98768834059513755 1 0.98768834059513766 0.95105651629515375 0.89100652418836845 0.80901699437494767 0.70710678118654724 0.58778525229247358 0.45399049973954808 0.30901699437494795 0.15643446504023054 5.5107285922006977e-16 -0.15643446504022945 -0.3090169943749469 -0.45399049973954708 -0.58778525229247269 -0.70710678118654646 -0.80901699437494712 -0.89100652418836801 -0.95105651629515342 -0.98768834059513744 -1


# name: Y1
# type: matrix
# rows: 9
# columns: 1
 1
 6.1230317691118863e-17
 -1
 -1.8369095307335659e-16
 1
 3.0615158845559431e-16
 -1
 -4.2861222383783204e-16
 1


# name: Y2
# type: matrix
# rows: 1
# columns: 101
 1 0.70710678118654757 6.1230317691118863e-17 -0.70710678118654746 -1 -0.70710678118654768 -1.8369095307335659e-16 0.70710678118654735 1 0.70710678118654768 3.0615158845559431e-16 -0.70710678118654668 -1 -0.70710678118654713 -4.2861222383783204e-16 0.70710678118654657 1 0.70710678118654724 5.5107285922006977e-16 -0.70710678118654646 -1 -0.70710678118654735 -2.449890334002558e-15 0.70710678118654635 1 0.70710678118654746 -9.8036270941570525e-16 -0.70710678118654635 -1 -0.70710678118654757 -2.6948116047670334e-15 0.70710678118654624 1 0.70710678118654757 -7.354414386512298e-16 -0.70710678118654613 -1 -0.70710678118654768 -2.9397328755315089e-15 0.70710678118654602 1 0.70710678118655035 -4.9052016788675434e-16 -0.70710678118654602 -1 -0.70710678118654791 -3.1846541462959843e-15 0.70710678118654835 1 0.70710678118655046 -2.4559889712227889e-16 -0.7071067811865458 -1 -0.70710678118654802 -3.4295754170604598e-15 0.70710678118654824 1 0.70710678118655068 -6.7762635780344027e-19 -0.70710678118654557 -1 -0.70710678118654824 -3.6744966878249352e-15 0.70710678118654802 1 0.70710678118655079 2.4424364440667201e-16 -0.70710678118654546 -1 -0.70710678118654835 -3.9194179585894107e-15 0.70710678118654791 1 0.70710678118655101 4.8916491517114746e-16 -0.70710678118654524 -1 -0.70710678118654857 -4.1643392293538861e-15 0.70710678118654768 1 0.70710678118655113 7.8395135435366248e-15 -0.70710678118655013 -1 -0.70710678118654868 -4.4092605001183616e-15 0.70710678118654247 1 0.70710678118654635 9.7900745670009837e-16 -0.70710678118654491 -1 -0.7071067811865539 2.4512455867181648e-15 0.70710678118654735 1 0.70710678118655146 8.3293560850655757e-15 -0.70710678118654979 -1


# name: Y3
# type: matrix
# rows: 9
# columns: 1
 1
 3.0615158845559431e-16
 -1
 -2.6948116047670334e-15
 1
 -2.4559889712227889e-16
 -1
 -3.9194179585894107e-15
 1


